3.3140182495e-05  2.3000000000e-05  2.3000000000e-05 
5.1403045654e-04  5.2800000000e-04  0.0000000000e+00 
4.9579143524e-03  4.9550000000e-03  0.0000000000e+00 
9.4258785248e-03  9.3660000000e-03  0.0000000000e+00 
8.8232040405e-02  8.7756000000e-02  0.0000000000e+00 
1.8904113770e-01  1.8909500000e-01  0.0000000000e+00 
4.8930597305e-01  4.8948800000e-01  0.0000000000e+00 
1.2643198967e+00  1.2633350000e+00  6.9000000000e-05 
1.6957769394e+00  1.6925410000e+00  2.6600000000e-04 
3.0193219185e+00  3.0199130000e+00  0.0000000000e+00 
3.6041061878e+00  3.6056360000e+00  0.0000000000e+00 
7.9267368317e+00  7.9230010000e+00  3.8220000000e-03 
1.3551779985e+01  1.3547745000e+01  3.9890000000e-03 
2.0029783964e+01  2.0035653000e+01  8.3000000000e-05 
2.4961201191e+01  2.4967345000e+01  4.1460000000e-03 
3.1286118984e+01  3.1299059000e+01  3.0000000000e-05 
3.4236075163e+01  3.4227100000e+01  7.9770000000e-03 
5.1069252968e+01  5.1086643000e+01  3.7200000000e-03 
5.2170344830e+01  5.2169072000e+01  7.9630000000e-03 
6.5986005068e+01  6.6005124000e+01  8.1060000000e-03 
