3.0994415283e-05  4.2000000000e-05  0.0000000000e+00 
1.0318756104e-03  1.0430000000e-03  0.0000000000e+00 
2.5733947754e-02  2.3311000000e-02  2.3130000000e-03 
9.4763994217e-02  8.8600000000e-02  6.0740000000e-03 
4.6037569046e+00  4.6002220000e+00  4.0050000000e-03 
3.0715465069e+01  3.0689891000e+01  2.8005000000e-02 
1.3738478589e+02  1.3736421000e+02  3.2383000000e-02 
5.6602064610e+02  5.6616859100e+02  4.4122000000e-02 
1.2822243140e+03  1.2825867000e+03  1.0392500000e-01 
2.2881468592e+03  2.2886395830e+03  1.9602000000e-01 
