4.2915344238e-05  0.0000000000e+00  5.7000000000e-05 
6.0088634491e-03  4.0910000000e-03  1.9290000000e-03 
9.0441942215e-02  8.8335000000e-02  2.1150000000e-03 
3.6296796799e-01  3.6310400000e-01  0.0000000000e+00 
9.0793352127e+00  9.0807510000e+00  4.0400000000e-04 
3.6344624043e+01  3.6348910000e+01  4.1750000000e-03 
1.4775838614e+02  1.4778337500e+02  1.0000000000e-06 
6.0023339105e+02  6.0037154700e+02  2.4076000000e-02 
1.3534818890e+03  1.3538888240e+03  3.8710000000e-03 
2.4066703908e+03  2.4073457200e+03  5.5909000000e-02 
3.7610234020e+03  3.7622161420e+03  4.4012000000e-02 
1.5057829746e+04  1.5062008853e+04  2.7594200000e-01 
3.3864314406e+04  3.3874414670e+04  6.8418200000e-01 
6.0182906329e+04  6.0203937260e+04  6.7234300000e-01 
1.0015844196e+05  9.4078968296e+04  1.0285680000e+00 
